vals_incl = [...
 3.14,     0,  3.14 ;
 3.19,     1,  3.49 ;
 3.24,     1,  3.49 ;
 3.29,     1,  3.49 ;
 3.34,     1,  3.49 ;
 3.39,     1,  3.49 ;
 3.44,     1,  3.49 ;
 3.49,     2,  3.84 ;
 3.54,     2,  3.84 ;
 3.59,     2,  3.84 ;
 3.64,     2,  3.84 ;
 3.69,     2,  3.84 ;
 3.74,     2,  3.84 ;
 3.79,     2,  3.84 ;
 3.84,     3,  4.19 ;
 3.89,     3,  4.19 ;
 3.94,     3,  4.19 ;
 3.99,     3,  4.19 ;
 4.04,     3,  4.19 ;
 4.09,     3,  4.19 ;
 4.14,     3,  4.19 ;
 4.19,     4,  4.54 ;
 4.24,     4,  4.54 ;
 4.29,     4,  4.54 ;
 4.34,     4,  4.54 ;
 4.39,     4,  4.54 ;
 4.44,     4,  4.54 ;
 4.49,     4,  4.54 ;
 4.54,     5,  4.89 ;
 4.59,     5,  4.89 ;
 4.64,     5,  4.89 ;
 4.69,     5,  4.89 ;
 4.74,     5,  4.89 ;
 4.79,     5,  4.89 ;
 4.84,     5,  4.89 ;
 4.89,     6,  5.24 ;
 4.94,     6,  5.24 ;
 4.99,     6,  5.24 ;
 5.04,     6,  5.24 ;
 5.09,     6,  5.24 ;
 5.14,     6,  5.24 ;
 5.19,     6,  5.24 ;
 5.24,     7,  5.59 ;
 5.29,     7,  5.59 ;
 5.34,     7,  5.59 ;
 5.39,     7,  5.59 ;
 5.44,     7,  5.59 ;
 5.49,     7,  5.59 ;
 5.54,     7,  5.59 ;
 5.59,     8,  5.93 ;
 5.64,     8,  5.93 ;
 5.69,     8,  5.93 ;
 5.74,     8,  5.93 ;
 5.79,     8,  5.93 ;
 5.84,     8,  5.93 ;
 5.89,     8,  5.93 ;
 5.94,     9,  6.28 ;
 5.99,     9,  6.28 ;
 6.04,     9,  6.28 ;
 6.09,     9,  6.28 ;
 6.14,     9,  6.28 ;
 6.19,     9,  6.28 ;
 6.24,     9,  6.28 ;
]; 

vals_excl = [...
 3.14,     0,  3.14 ;
 3.19,     0,  3.14 ;
 3.24,     0,  3.14 ;
 3.29,     0,  3.14 ;
 3.34,     0,  3.14 ;
 3.39,     0,  3.14 ;
 3.44,     0,  3.14 ;
 3.49,     1,  3.46 ;
 3.54,     1,  3.46 ;
 3.59,     1,  3.46 ;
 3.64,     1,  3.46 ;
 3.69,     1,  3.46 ;
 3.74,     1,  3.46 ;
 3.79,     2,  3.77 ;
 3.84,     2,  3.77 ;
 3.89,     2,  3.77 ;
 3.94,     2,  3.77 ;
 3.99,     2,  3.77 ;
 4.04,     2,  3.77 ;
 4.09,     3,  4.08 ;
 4.14,     3,  4.08 ;
 4.19,     3,  4.08 ;
 4.24,     3,  4.08 ;
 4.29,     3,  4.08 ;
 4.34,     3,  4.08 ;
 4.39,     3,  4.08 ;
 4.44,     4,  4.40 ;
 4.49,     4,  4.40 ;
 4.54,     4,  4.40 ;
 4.59,     4,  4.40 ;
 4.64,     4,  4.40 ;
 4.69,     4,  4.40 ;
 4.74,     5,  4.71 ;
 4.79,     5,  4.71 ;
 4.84,     5,  4.71 ;
 4.89,     5,  4.71 ;
 4.94,     5,  4.71 ;
 4.99,     5,  4.71 ;
 5.04,     6,  5.03 ;
 5.09,     6,  5.03 ;
 5.14,     6,  5.03 ;
 5.19,     6,  5.03 ;
 5.24,     6,  5.03 ;
 5.29,     6,  5.03 ;
 5.34,     7,  5.34 ;
 5.39,     7,  5.34 ;
 5.44,     7,  5.34 ;
 5.49,     7,  5.34 ;
 5.54,     7,  5.34 ;
 5.59,     7,  5.34 ;
 5.64,     7,  5.34 ;
 5.69,     8,  5.65 ;
 5.74,     8,  5.65 ;
 5.79,     8,  5.65 ;
 5.84,     8,  5.65 ;
 5.89,     8,  5.65 ;
 5.94,     8,  5.65 ;
 5.99,     9,  5.97 ;
 6.04,     9,  5.97 ;
 6.09,     9,  5.97 ;
 6.14,     9,  5.97 ;
 6.19,     9,  5.97 ;
 6.24,     9,  5.97 ;
]; 

